4.62306 3.82853 0
183.304 9.73913 100
155.692 2.61538 101
108.931 0.827586 102
96.4828 7.62069 103
169.381 4.2381 104
102.333 1.46667 105
140.625 2.375 106
128.133 2 107
158.179 5.17857 108
123.125 1.375 109
16.4054 6.88288 10
194.5 2 110
145.25 1.91667 111
264 3.22222 112
220.25 3.6875 113
159.882 5.64706 114
151.714 1.14286 115
117.615 1.38462 116
149.438 3.8125 117
83.5 0.9 118
109.5 0.666667 119
18.8601 10.7483 11
120.091 0.818182 120
168.5 0.166667 121
259.6 2.1 122
202 2.66667 123
229.667 1.33333 124
158.545 2 125
239.667 0.444444 126
259.273 1.54545 127
211.167 2.5 128
76.25 1.25 129
22.6034 5.32759 12
191.286 0.142857 130
155.2 0 131
18 0.5 132
469.833 2.33333 133
434.5 5.625 134
98.6667 1.66667 135
114.25 0.75 136
234.333 0.166667 137
358 0 138
157.75 9.5 139
22.5854 13.0894 13
186.667 0 140
43.3333 1 141
146.75 0.5 143
338 0 144
15 0 145
545.5 1.5 146
291.5 0.5 147
406.5 0.5 148
193.333 1 149
36.1607 8.21429 14
551 0.5 150
573 2 151
55 0 153
529 0 154
19.9109 7.0495 15
34.7049 4.72951 16
30.5321 7.16514 17
28.9902 6.57843 18
22.8396 9.46226 19
11.3545 4.28818 1
40.068 11.1456 20
33.297 10.8218 21
28 6.98462 22
26.2569 6.55963 23
49.875 9.73958 24
36.9107 5.88393 25
40.5686 8.37255 26
30.4151 5.80189 27
38.9222 13.0222 28
28.2056 6.6729 29
14.2123 7.01027 2
35.5524 4.17143 30
51.01 13.52 31
38.0667 8.7 32
38.2577 6.5567 33
56.9583 15.5521 34
24.0118 4.54118 35
50.9255 9.2766 36
37.859 10.6154 37
43.2979 8.76596 38
53.4205 4.21591 39
9.77215 3.28692 3
55.3375 6.6 40
40.5844 7.24675 41
65.3375 23.8125 42
39.0114 5.35227 43
36.4384 5.10959 44
54.2174 8.86957 45
56.0549 8.16484 46
50.4321 6.76543 47
48.2063 10.2063 48
57.3333 6.34848 49
12.6264 6.86207 4
67.9254 6.85075 50
40.0952 3.55556 51
57.9333 9.32 52
52.6618 8.73529 53
82.871 13.4032 54
66.2121 6.63636 55
53.0339 3.76271 56
92.7818 10.2727 57
68.25 9.58929 58
82 12.6481 59
21.3015 5.57789 5
58.5122 5.37805 60
91.2576 5.87879 61
74.1639 5.31148 62
74.5098 5.21569 63
91.1944 11.3611 64
101.558 7.01923 65
80.0702 4.19298 66
99.95 9.1 67
69.08 7.2 68
73.2553 4.34043 69
23 9.4104 6
87.3036 4.17857 70
58.5217 3.47826 71
86.1373 7.88235 72
86.1579 12.7544 73
79.0294 7.20588 74
68.1591 5.36364 75
82.9459 17.6216 76
87.4762 5.7381 77
104.702 4.57447 78
91.66 7.84 79
15.1575 5.34932 7
101.128 4.66667 80
134.182 4.86364 81
89.8857 4.2 82
117.75 4.80556 83
100.81 4.30952 84
108.515 2.18182 85
112.75 3.78125 86
110.436 4.5641 87
111.975 3.35 88
107.093 2.7907 89
17.3407 6.31852 8
184.875 8 90
138.375 3.5 91
103.29 3.83871 92
106.75 10.65 93
163.357 2.35714 94
144.188 4.21875 95
121.524 2.85714 96
106.233 4.96667 97
153.75 5.3 98
115.609 4.34783 99
16.831 7.14085 9
